%x = [0 2.5	5	7.5	10	12.5	15	17.5	20	22.5	25	27.5	30	32.5	35	37.5	40	42.5	45	47.5	50	52.5	55	57.5	60	62.5	65	67.5	70	72.5	75	77.5	80	82.5	85	87.5	90	92.5	95	97.5	100	102.5	105	107.5	110	112.5	115	117.5	120	122.5	125	127.5	130	132.5	135	137.5	140	142.5	145	147.5	150	152.5	155	157.5	160	162.5	165	167.5	170	172.5	175	177.5	180	182.5	185	187.5	190	192.5	195	197.5	200	202.5	205	207.5	210	212.5	215	217.5	220	222.5	225	227.5	230	232.5	235	237.5	240	242.5	245	247.5	250	252.5];
%y = [401	399	390	390	390	391	388	387	385	385	380	382	377	379	377	376	375	375	374	374	373	372	372	374	372	372	371	369	369	368	369	367	366	366	366	364	364	362	361	360	360	358	353	353	353	353	353	353	352	353	352	351	351	351	349	348	349	347	348	347	346	346	345	343	342	343	341	341	341	339	339	339	339	339	339	339	340	339	338	337	337	337	336	337	337	337	337	337	334	333	334	334	332	330	327	327	327	327	327	327	327	327];
%x2 = [145	140	135	130	125	120	115	110	105	100	95	90	85	80	75	70	65	60	55	50	45	40	35	30	25	20	15	10	5];
%y2 = [400	519	488	487	476	468	456	436	441	456	485	540	590	654	643	633	628	649	683	715	742	749	787	819	810	836	881	902	917];
%x2 = [0	25	50	75	100	125];
%x2 = [400	405	441	477	557	630];
%x2 = [0	25	50	75	100	125	150	175	200	225	250];
x2 = [0	12.5	25	37.5	50	62.5	75	87.5	100	112.5	125];
y2 = [842	841	841	840	839	839	838	836	835	835	835];
%y2 = [630 557 477 441 405 400];

%y2 = [400	401	407	439	473	547	622	802	813	831	836];
%y2 = [836 831 813 802 622 547 473 439 407 401 400];
plot(x2,y2,'ro')
hold on;
%p = polyfit(x2,y2,6);
xp = 0:1:125;
%yp = polyval(p,xp);
yp=spline(x2,y2,xp);
%p = spline(x2,y2);
plot(xp,yp);
axis tight;
%y1 = [y1,401,402.5507347,400.7153673,397.0046327,392.9292653,390,389.2408367,389.7288367,390.097694,389.9785513,390,390.5729787,391.0643461,390.6190832,389.2824531,388,387.4688655,387.2360082,386.5934711,385.5837914,385,385.2951383,385.4317685,384.0735126,381.5786265,380,380.6950709,381.9447506,381.3637052,378.93298,377,377.2838537,378.5787397,379.0103596,378.1470935,377,376.3908805,376.1336056,375.8053297,375.3343287,375,374.9884729,375.0517391,374.8482568,374.3815083,374,373.9517401,374.0227412,373.8942651,373.494788,373,372.5598886,372.1786371,371.8314545,371.6655235,372,372.9587007,373.8541778,373.8340982,372.9185414,372,371.7659218,371.9318528,371.9819202,371.6660567,371,370.076204,369.2477608,368.9127852,369.0062528,369,368.5409347,368.0567982,368.1410724,368.709483,369,368.4568823,367.4674146,366.6382278,366.1985086,366,365.9114171,365.9350064,366.0981169,366.2376379,366,365.1909564,364.2866756,363.9034086,364.0244224,364,363.353973,362.4144519,361.6936034,361.3122759,361,360.5566651,360.1316513,359.9510387,359.99544,360,359.6873387,358.7726662,356.9969388,354.7358839,353,352.5220769,352.8136756,353.1021048,353.0989353,353,352.973738,352.9947928,352.992529,352.9692103,353,353.1102545,353.113424,352.7853011,352.2540086,352,352.3378251,352.8571438,352.9856862,352.5949098,352,351.4832969,351.1185894,350.9263051,350.8987284,351,351.1563311,351.1471075,350.7265855,349.9152871,349,348.2653382,347.940915,348.2218917,348.8272916,349,348.2544035,347.2737019,346.995898,347.4987958,348,347.8803109,347.322911,346.7046802,346.2438495,346,345.9819495,346.0230517,345.9176253,345.5710967,345,344.2429814,343.4078121,342.6220735,342.0715041,342,342.4917898,342.9823184,342.775404,341.8779609,341,340.7060764,340.8566458,341.137582,341.2679487,341,340.2172804,339.3227234,338.8307434,338.8333203,339,339.055849,339.0214823,338.9888252,338.9905349,339,338.9966056,338.9940287,339.0128098,339.0341677,339,338.8966296,338.89492,339.1985117,339.703813,340,339.7882093,339.2708514,338.7663538,338.3792142,338,337.5543007,337.1449994,336.9144421,336.8931861,337,337.1320006,337.1191403,336.7878358,336.2693918,336,336.2777083,336.7949642,337.1072596,337.1022989,337,336.9799152,337.0023592,336.9777981,336.930793,337,337.2251044,337.230065,336.5579144,335.2808031,334,333.2195462,332.9625513,333.1290036,333.5524507,334,334.2565418,334.189653,333.6961355,332.8695067,332,331.2840384,330.5085912,329.3768935,328.0206429,327,326.7199952,326.8906241,327.0603736,327.0594944,327,326.979895,326.9921456,327.0043375,327.0042789,327,326.9985346,326.9994138,327.0003517,327.0004103,327];
